28050
3270
11500
28050
28050
28050
3270
30730
3270
32060
3270
12100
11500
28440
11500
11500
4460
16130
30730
30730
32060
32060
30730
12100
12100
32060
12100
28440
28440
20160
18980
28440
4370
4460
4460
11650
16130
16130
4460
16130
20300
20160
18980
20160
18980
4370
20160
4370
18980
11650
11650
4370
31660
11650
26010
20300
20300
20300
31660
31660
12580
26010
26010
31660
20920
26010
2630
17890
19890
5070
12580
12580
20920
20920
12580
2630
20920
17890
2630
17890
2630
19890
17890
19890
31630
19890
5070
5070
5070
31630
31630
12570
31630
9100
21990
12570
12570
9100
9100
12570
14430
9100
21990
21990
18060
21990
14430
14430
14430
10530
4880
18060
12430
18060
18060
7870
5500
10530
4880
10530
1670
4880
12430
10530
12430
4880
20950
7870
12430
7870
7870
25820
8270
5500
5500
1670
5500
1670
1670
20950
20950
31610
20950
25820
25820
8270
8270
25820
8270
31610
31610
31610
15810
23350
15810
15810
4330
15810
22460
23350
23350
23350
18610
22110
4330
22460
4330
22460
4330
22460
18610
22110
18610
22110
10860
18610
22110
10860
10860
10860
3640
29070
3640
3640
6260
3640
10430
29070
29070
29530
29070
24620
6260
6260
24670
6260
10430
10430
29530
29530
10430
28550
29530
24620
24620
24620
24670
27690
24670
18140
760
24670
28550
28550
28550
17590
29960
27690
27690
18140
760
18140
760
27690
18140
760
28800
23950
17590
17590
17590
29960
29960
29960
28800
23950
28800
23950
30150
28800
23950
16360
11100
30150
30150
30150
24030
16360
16360
16360
11100
11100
11100
24030
24030
24030
11990
19600
11990
8240
11990
11990
19600
3510
19600
3140
19600
8240
8240
6730
8240
3510
3140
3510
3510
3140
3140
5520
31650
6730
8630
6730
6730
5520
31650
5520
5520
31650
31650
8630
8630
8630
27670
12790
18340
4440
20770
30800
27670
12790
27670
27670
15970
18340
12790
12790
18340
18340
4440
4440
4440
3610
20770
4460
30800
20770
20770
21950
30800
30800
15970
15970
15970
25540
3610
4460
3610
3610
4460
4460
21950
21950
21950
20550
25540
3990
25540
25540
25040
9520
930
20550
20
20550
20550
3990
3990
3990
25040
25040
25040
9520
930
9520
20
9520
930
27260
930
6610
20
20
13110
27260
26280
6610
27260
27260
6610
6610
13110
17340
23110
13110
13110
19470
26280
26280
26280
16710
17340
23110
17340
17340
23110
19470
23110
18810
19470
19470
20300
620
12080
16710
27210
16710
16710
18810
17170
20300
18810
18810
20300
620
20300
620
620
12080
27210
12080
12080
27210
27210
21500
17170
17170
17170
26930
10830
21500
21500
21500
26930
6920
26930
10830
26930
10830
10830
21800
22660
32390
30190
6920
15050
6920
6920
21800
22660
21800
21800
27050
24110
32390
22660
30190
22660
32390
32390
30190
30190
19950
15050
15050
15050
27050
24110
15140
27050
27050
24110
16830
24110
19950
19950
19950
15140
16830
15140
15140
16830
16830
32330
13920
29600
11230
32330
32330
32330
20050
13920
20650
13920
13920
29600
29600
29600
22430
11230
21430
11230
11230
11680
20050
20650
20050
20050
20650
27860
20650
22430
21430
22430
22430
21430
11680
21430
30970
11680
11680
27860
27860
27860
4230
30970
30970
30970
20640
4650
4230
4230
4230
20640
20640
20640
28730
4650
4650
4650
3460
2870
7490
17210
28730
13240
28730
28730
3460
4820
2870
3460
7490
3460
2870
2870
7490
7490
17210
13240
17210
17210
13240
13240
4820
4820
4820
10170
4610
3600
24630
9510
17310
18270
10170
25520
4610
10170
10170
4610
11590
4610
3600
24630
3600
3600
5460
24630
24630
9510
17310
9510
7070
9510
17310
18270
17310
25520
18270
18210
18270
25520
25520
11590
11590
11590
5460
5460
5460
7070
7070
7070
18210
18210
18210
12170
21050
17920
12170
8250
12170
12170
21050
17920
21050
17920
21050
17920
11210
8250
8250
8250
2620
3870
11210
11210
13420
11210
6420
2620
3870
2620
3870
2620
3870
13310
31290
13420
6420
13420
6420
13420
5270
6420
22100
13310
17520
31290
13310
31290
13310
31290
5270
5270
5270
22100
22100
17520
22100
17520
17520
200
280
12380
30700
14170
24990
31200
200
200
280
200
8580
19630
280
280
12380
12380
30700
12380
14170
5370
24990
30700
14170
1920
31200
24990
30700
14170
24990
31200
31200
8580
19630
8580
19630
8580
19630
5370
21230
1920
5370
5370
1920
1920
21230
15560
21230
21230
25480
15560
15560
15560
25480
6780
2330
25480
25480
28470
26770
1430
6780
2330
6780
2330
6780
2330
28470
28470
28470
24070
26770
1430
26770
1430
26770
1430
16280
32200
24070
9280
8320
24070
19260
31450
24070
16280
32200
16280
32200
16280
32200
9280
8320
19260
9280
8320
31450
19260
9280
31450
8320
19260
6050
31450
6050
6050
6050
24170
21570
18420
24170
24170
24170
22420
21570
18420
21570
18420
21570
18420
420
31140
22420
22420
22420
16730
6420
420
420
5100
31140
31140
420
31140
16730
6420
16730
30
6420
16730
6420
5100
5100
28570
5100
30
10450
30
30
28570
28570
5190
28570
10450
31390
10450
10450
5190
17760
5190
31390
5190
31390
30480
31390
9700
17760
17760
17760
30480
30480
9700
30480
9700
9700
26790
26790
26790
12780
26790
28390
12780
12780
11090
12780
4450
28390
28390
11090
24420
32040
11090
28390
11090
4450
4450
450
24420
4450
32040
24420
32040
24420
32040
29180
450
450
450
32590
17960
21310
29180
29180
29600
29830
29180
32590
24260
32590
17960
29390
1890
17960
32590
21310
21310
17960
29600
29830
21310
29600
26090
29830
29600
18520
29830
24260
24260
29390
1890
29390
24260
1890
12920
29390
1890
12960
13880
26090
30700
26090
18520
18520
26090
18700
18520
1310
12920
12920
12960
13880
12960
12920
30700
13880
12960
30700
13880
18700
30700
18700
1310
18700
1310
11070
1310
31170
9870
7120
1710
11070
11070
11070
28640
31170
9870
31170
27600
9870
31170
7120
9870
1710
7120
1710
5580
7120
1710
28640
31710
28640
27600
28640
27600
27600
5580
5580
5580
31710
31710
31710
29390
11240
7760
8680
29390
14910
29390
27440
10630
29390
11240
11240
11240
7760
8680
7760
8680
30330
14910
7760
27440
10630
14910
8680
27440
10630
14910
27440
10630
30330
30330
30330
4040
19480
17090
4040
4040
4040
19480
19480
19480
17090
17090
12680
