6011
15331
6011
6011
6011
15661
16731
15331
15331
15331
15661
16731
15661
16731
29721
15661
16731
14131
28241
29721
29721
30581
29721
10051
14131
30171
14131
8671
28241
28241
14131
31941
28241
30581
30581
2631
30581
22401
10051
10051
12101
3671
10051
30171
8671
30171
8671
3441
31941
30171
31941
8671
31941
2631
2631
22401
2631
6421
22401
12101
12101
3241
3671
22401
3671
14681
12101
3671
3441
3441
3441
6421
6421
3241
4971
3241
6421
14681
14681
3241
14681
4971
4971
9831
4971
27631
9831
9831
9831
27631
27631
21151
27631
11031
21151
18391
21151
21151
14771
1711
11031
11031
18391
3301
18391
11031
7031
18391
14771
14771
12511
14771
1711
1711
1711
3301
3301
7031
7031
3301
7031
12511
12511
6121
12511
29581
6121
6121
6121
29581
29581
29441
29581
2601
13861
29441
29441
2531
29441
2601
2601
18341
13861
13861
2601
13861
2531
2531
2531
3321
18341
18341
18341
31421
14071
3321
3321
3321
31421
31421
14071
14071
31421
14071
29381
29381
29381
6001
29381
23121
21391
27661
6001
6001
23121
23121
6001
23121
21391
21391
18431
27661
21391
27661
27661
20321
18431
18431
18431
10131
20321
20321
20321
13331
7361
5711
28091
10741
10131
10131
10131
13331
7361
13331
7361
8771
5711
13331
5711
7361
1721
5711
22101
28091
28091
10741
10741
28091
10741
7041
8771
8771
8771
16361
1721
1721
22101
22101
1721
22101
26011
7041
28161
7041
7041
16361
16361
16361
26011
28161
26011
26011
28161
28161
9271
14181
2041
31421
5221
10881
9271
14181
2041
9271
9271
14181
14181
2041
2041
31421
5221
12821
31421
31421
5221
5221
10881
10881
10881
2821
5301
12821
26551
12821
12821
2821
5301
2821
2821
5301
5301
26551
20611
26551
26551
21311
19851
31701
24971
20611
8891
20611
20611
21311
19851
21311
21311
31701
19851
19851
31701
31701
24971
24971
24971
8891
8891
8891
4171
7401
4171
4171
4171
11981
8271
7401
7401
7401
29271
11981
8271
11981
11981
8271
8271
29271
29271
29271
30191
30191
30191
30191
1
1
1
1
13201
6571
13201
13651
14071
13201
13201
7661
6571
6571
6571
31791
13651
14071
13651
13651
14071
18611
7661
14071
14721
7661
7661
18061
10011
31791
31791
31791
18611
14721
18611
18611
18061
14721
14721
18061
18061
30741
10011
10011
10011
11121
32201
21851
30741
30741
30741
19551
19841
24111
3491
11121
32201
11121
11121
21851
32201
32201
21851
21851
8791
19551
19841
19551
24111
19551
19841
19841
3491
24111
24111
3491
18611
3491
19851
20761
8791
8791
8791
18611
18611
18611
19851
20761
19851
19851
20761
20761
23011
5551
12341
21881
23011
23011
23011
5551
5551
5551
9061
12341
21881
12341
12341
21881
21881
16991
9061
9061
16561
9061
13691
16991
16991
8261
16991
20441
10951
16561
12151
16561
16561
21071
13691
13691
13691
25921
8261
581
20441
10951
8261
8261
20441
20441
10951
12151
10951
12151
26471
12151
21071
21071
6331
21071
25921
581
6401
25921
25921
581
581
26471
10841
26471
26471
6331
6331
6331
28921
6401
6401
6401
10841
10841
10841
28921
27151
28921
681
28921
32691
27151
681
27151
32691
27151
681
681
32691
32691
24841
27351
24841
24841
24841
27351
27351
27351
19661
2001
3871
31451
19661
2001
30581
19661
2001
19661
2001
3871
3871
3871
14501
31451
30581
30011
31451
10861
30581
31451
30581
1711
14501
311
30011
14501
16371
10861
14501
30011
10861
30011
10861
2891
1711
1171
8671
28021
1711
1711
311
18731
311
16371
10681
311
16371
16371
2891
2891
1171
8671
2891
8311
28021
1171
8671
28021
1171
8671
28021
18731
551
18731
10681
18731
10681
10681
8311
8311
8311
551
551
551
29961
29961
25581
16481
29961
29961
13581
30071
30041
25581
16481
25581
16481
25581
16481
13581
13581
4681
30071
13581
30041
30071
30071
30041
30041
1521
3641
18411
4681
4681
4681
1521
1521
3641
7451
18411
3641
1521
18411
3641
18411
7451
7451
7451
7471
23131
7471
23131
7471
23131
7471
23131
29001
6181
29001
10131
27631
29001
29171
29001
6181
6181
10131
27631
6181
10131
29171
27631
29171
10131
27631
29171
24261
24261
24261
24261
29561
11721
30391
16751
29561
29561
20281
11721
29561
11721
11721
32591
30391
16751
30391
16751
20281
30391
16751
20281
20281
32591
32591
2841
31741
32591
28391
951
22981
21561
2841
31741
2841
28391
951
31741
28391
2841
20431
951
22981
31741
28391
22981
951
21561
26201
21561
22981
21561
31261
17781
20431
30971
20431
20431
26201
26201
28501
31261
26201
31261
17781
31261
17781
7781
30971
17781
30971
30971
28501
28501
23081
30531
28501
7781
7781
7781
22961
13771
19211
30661
23081
30531
23081
30531
23081
16171
30531
22961
13771
30991
22961
13771
3561
19211
26961
30661
22961
13771
19211
30661
19211
30661
16171
16171
4381
20341
16171
3121
30991
6551
3561
30991
601
26961
3561
29181
26961
30991
26581
3561
26961
29581
3731
4381
20341
3121
4381
20341
3121
6551
601
4381
20341
6551
3121
29181
601
26581
29181
6551
3581
601
23971
26581
29181
26581
20491
29581
3731
29581
3731
29581
3731
12141
3581
23971
3581
23971
20491
3581
23971
20491
20491
12141
18011
12141
12141
2911
18011
9671
18011
26601
18011
2911
2911
23481
20031
2911
9671
26601
9671
26601
9671
26601
23481
20031
23481
22071
20031
23481
20031
15241
25551
9861
22131
6141
22071
22071
22071
15241
11291
25551
15241
9861
25551
22131
15241
6141
9861
25551
26241
22131
6141
9861
22131
6141
11291
11291
11291
26241
2981
26241
26241
6841
9911
2981
2981
2981
6841
6841
9911
6841
9911
17391
9911
24301
17391
17391
24301
17391
24301
29161
24301
29161
29161
29161
18351
3701
17811
31421
12851
18351
18351
3701
3701
18351
22181
17811
3701
31421
17811
11931
31421
12851
17811
30101
12851
31421
32071
12851
15961
22181
11051
22181
11931
22181
11931
30101
30101
11931
32071
15701
32071
30101
32071
15961
15961
11051
2681
11051
15961
11051
15701
15701
26541
15701
