30152
19272
4762
28502
30152
30152
30152
19272
19272
19272
4762
4762
14472
13552
4762
28502
28502
28502
14472
14472
8372
13552
13552
14472
13552
8372
8372
8372
7192
7552
7192
7192
7192
18932
7552
7552
7552
18932
18932
732
18932
7812
732
732
732
13122
6102
14882
12182
7812
7812
7812
13432
19502
13122
6102
13122
14882
6102
4292
12182
14882
12182
13122
6102
14882
12182
4402
22852
13432
13432
19502
19502
28342
13432
19502
4292
4292
5092
4292
4402
4402
4402
22852
22852
22852
28342
28342
28342
12242
5092
5092
5092
12242
12242
12242
21052
27102
25682
28132
21052
21052
23012
21052
27102
27102
27102
25682
25682
28132
28132
25682
28982
28132
23012
8452
23012
23012
23412
3502
28982
28982
28982
8452
8452
8452
23412
3762
3502
23412
3502
23412
3502
1792
972
3762
3762
3762
12692
1792
1792
1792
972
972
972
23282
12692
12692
12692
29192
10272
23282
23282
23282
29192
29192
29192
29502
10272
10272
25192
10272
29502
29502
9982
29502
25192
25192
22502
25192
29362
9982
9982
9982
29672
22502
22502
22502
23032
29362
29362
29362
29672
29672
24472
5952
29672
23032
23032
23032
1282
32052
24472
5952
24472
5952
28692
24472
5952
1282
9942
1282
30912
32052
32052
1282
9062
32052
7752
28692
28692
28692
9942
30912
9942
30912
9062
9942
9062
30912
7752
7752
9062
25162
7752
18182
7542
21952
25162
28992
25162
25162
18182
18182
18182
7542
7542
21952
21952
28992
28992
7542
21952
28992
14152
27102
14152
14152
14152
14552
14182
25232
20452
27102
27102
27102
11092
3252
5302
14552
14182
25232
14552
14552
20452
14182
10282
14182
25232
25232
20452
18922
20452
11092
3252
11092
11092
5302
3252
3252
5302
5302
10282
18922
10282
20362
10282
18922
18922
14892
20362
20362
20362
27272
18762
14892
14892
14892
29952
27272
2802
27272
27272
18762
18762
18762
12252
2412
29952
29952
29952
2802
2802
2802
9302
12252
12252
12252
2412
2412
2412
9302
9302
9302
24022
27032
10772
24022
17232
24022
24022
19942
27032
10772
27032
27032
10772
10772
6222
17232
19942
17232
17232
19942
26962
19942
6222
3292
6222
6222
27022
26962
26962
26962
3292
15202
3292
3292
27022
27022
27022
1982
15202
15202
15202
20382
1982
1982
1982
20382
9722
20382
20382
30242
9722
9722
9722
5672
30242
8462
30242
30242
5672
5672
5672
8462
8462
8462
10902
3152
20672
10902
10902
19832
10902
3152
3152
3152
20672
20672
20672
19832
19832
19832
24142
15182
18202
24142
24142
24142
15182
15182
15182
14942
18202
14232
18202
18202
24502
19202
14942
14232
14942
27332
14942
9272
14232
14232
24502
22702
19202
24502
24502
19202
27332
19202
9272
27332
27332
9272
9272
8712
24942
22702
24792
22702
25222
22702
32652
8712
8712
24942
8712
24942
24792
24942
25222
24792
32652
24792
25222
25222
32652
32652
16042
5282
24102
19482
16042
16042
6472
16042
5282
5282
5282
26642
14772
24102
24102
19482
24102
19482
6472
19482
6472
6472
22992
26642
14772
26642
26642
14772
14772
22992
22992
22992
22132
11702
32412
29032
22132
11702
32412
22132
22132
11702
29032
11702
32412
11042
32412
29032
29032
8982
9092
26532
11042
7562
12422
11042
11042
8982
8982
9092
26532
8982
9092
26532
30422
9092
26532
7562
12422
7562
12422
7562
12422
30422
4142
30422
30422
4142
4142
4142
20512
20512
20512
20512
10132
10132
10132
10132
20512
15082
20512
31692
20512
20512
17432
4762
13552
15082
15082
15082
31692
25862
17432
31692
4762
31692
13552
17432
4762
17432
13552
4762
13552
2002
3172
25862
25862
12842
25862
6242
2002
3172
2002
24832
3172
2002
10832
3172
12842
12842
12842
6242
6242
12332
11312
24832
6242
24832
10832
10832
24832
10832
2582
12332
11312
12332
11312
12332
11312
26652
2832
23712
2582
2582
2582
26652
2832
26652
23712
2832
23712
26652
2832
23712
32562
13932
12582
19832
12772
11092
32562
13932
12582
32562
19832
13932
12582
19832
32562
12772
13932
12582
11092
19832
12772
11092
15272
12772
11092
18812
15272
15492
15272
15272
18812
18812
15122
18812
11362
15492
15492
15492
15122
15122
24802
15122
11362
11362
11362
24802
24802
27072
24802
30582
27072
27072
2452
27072
31502
30582
14672
30582
26202
30582
8252
24352
2452
15502
2452
31502
2452
31502
31502
14672
16462
14672
26202
8252
24352
662
26202
14672
8252
24352
15502
26202
8252
15502
24352
15502
16462
16462
662
662
16462
662
25972
26872
25972
25972
25972
21322
26872
26872
26872
21322
21322
21322
20762
7832
14662
28582
19582
20762
7832
20762
14662
7832
14662
20762
24772
7832
14662
20592
28582
28582
19582
28582
19582
19582
24772
24772
20592
24772
20592
20592
9662
13542
6542
15842
9662
13542
9662
13542
9662
18372
13542
6542
6542
15842
6542
15842
31442
15842
20162
18372
18372
21162
18372
31442
31442
20162
16052
20162
31442
21162
20162
21162
21162
782
16052
16052
16052
11942
782
782
782
10382
22212
11942
11942
11942
10382
22212
10382
22212
10382
22212
30062
1662
8932
30442
31332
28952
30062
1662
30062
1662
30062
16442
1662
8932
30442
8932
26932
31332
30442
8932
28952
31332
30442
28952
31332
28952
16442
9322
16442
26932
16442
26932
26932
18352
9322
9322
9322
18352
18352
18352
1282
5812
10052
1282
1282
13692
1282
23422
5812
28012
5812
10052
5812
8072
10052
