24773
26553
24773
24773
22953
24773
17493
26553
26553
26313
22953
26553
22953
22953
17493
17493
17493
23463
26313
26313
26313
23463
23463
23463
15603
21233
19173
15603
15603
15603
21233
21233
19173
19173
21233
813
21283
19173
31893
14683
813
813
21283
21283
7993
813
21283
28853
7563
31893
31893
31893
14683
14683
12303
14683
7993
7993
28853
7993
2103
7563
28853
7563
10673
28853
7563
12303
12303
12303
2103
2103
10673
10673
2103
19003
10673
19003
19003
19003
29913
24623
10293
19603
19823
20033
29913
29913
24623
16003
24623
29913
24623
10293
10293
8803
19603
5283
19823
19603
19823
10293
19603
19823
20033
20033
20033
16003
16003
16003
8803
5283
8803
5283
8803
5283
20313
18193
19743
20313
20313
11613
18193
20313
18193
27163
19743
19743
18193
19743
443
10803
3923
11613
11613
27163
27163
11613
27163
443
443
27833
443
21253
10803
10803
3923
10803
3923
3923
12643
14693
27833
27833
27833
21253
21253
21253
32003
1393
12643
14693
12643
14693
12643
14693
32003
32003
32003
1393
1393
1393
15373
15373
15373
12743
15373
24573
733
12743
12743
24573
24573
12743
31793
24573
18843
1683
733
733
733
31793
31793
18843
27663
18843
1683
31793
1683
18843
29683
1683
32163
3513
28973
27663
27663
29683
27663
29683
32163
32163
29683
32163
30863
3513
593
3513
28973
28973
3513
28973
30863
30863
30863
593
593
593
18193
18193
18193
18193
26423
27473
26423
29973
26423
26423
27473
27473
27473
3283
18153
25683
29973
29973
29973
20463
3283
29223
18153
3283
29653
3283
25683
18153
22153
18153
25683
25683
11003
20463
29223
20463
20463
29653
29223
29223
22153
29653
29653
22153
22153
11003
11003
11003
15133
29033
21933
5863
10423
15133
29033
15133
15133
21933
29033
29033
21933
21933
5863
5243
10423
5863
5863
10423
10423
12003
23763
5243
5243
5243
31443
12003
12003
12003
23763
23763
23953
23763
26493
16173
28623
31443
10733
31443
31443
28403
5873
653
23953
26493
16173
13583
23953
23953
26493
28623
26493
16173
10733
16173
28623
28623
10733
10733
28403
5873
28403
28403
5873
5873
653
9523
13583
653
653
13583
13583
9523
9523
9523
2913
9913
10073
15063
23443
2913
2913
9913
2913
9913
9913
5793
10073
10073
7393
10073
2603
15063
23443
15063
15063
23443
23443
5793
27313
5793
7393
5793
2603
7393
15453
7393
2603
2603
25513
24093
27313
27313
27313
9023
15453
25513
15453
15453
25513
25513
24093
24093
24093
9023
9023
9023
8273
573
31923
7953
18653
8273
573
31923
7953
8273
8273
573
573
31923
22263
18653
31923
7953
7953
18653
18653
2583
21363
8803
22263
22263
22263
2583
21363
2583
2583
21363
13193
21363
8803
8803
8253
8803
18153
22243
13193
13193
13193
8253
2653
8253
8253
18153
18733
18153
18153
22243
22243
22243
2653
16093
2653
25643
2653
18733
21903
18733
18733
25583
22463
16093
25643
16093
16093
25643
25643
21903
25583
21903
21903
25583
25583
22463
1653
22463
22463
22373
1653
1653
1653
22373
3923
22373
22373
9033
3923
3923
3923
15853
29913
23403
14453
9033
9033
9033
15853
29913
23403
15853
15853
29913
29913
23403
23403
23553
14453
14453
14453
15933
23553
16343
23553
23553
5003
15933
15933
15933
22003
7353
19943
17663
17913
16343
16343
5003
16343
18173
5003
5003
22003
7353
26093
19943
22003
22003
7353
17663
7353
17913
19943
19943
17663
17663
17913
17913
8063
18173
11113
18173
14133
18173
23293
26093
26093
26093
8063
8063
11113
8063
14133
23293
11113
14133
23293
11113
14133
23293
29143
29143
29143
28053
29143
17783
28053
28663
28053
30403
28053
4803
17783
17783
17783
16683
31233
2703
28663
30403
28663
21833
28663
4803
30403
30403
14583
4803
4803
16683
31233
2703
16683
31233
2703
16683
31233
2703
21833
21833
14583
21833
14583
14583
4083
15193
25563
4083
15193
4083
15193
4083
25563
15193
16513
25563
4493
25563
28753
8883
12213
26703
16513
4493
16513
4623
16513
28753
4493
4493
28753
28753
8883
12213
8883
26703
12213
8883
12213
26703
26703
4623
4623
1333
4623
7033
28003
4573
1333
9513
1333
1333
7033
28003
4573
7033
9513
28003
4573
7033
9513
28003
4573
9513
1553
3013
1553
1553
1553
17933
3013
3013
3013
16563
11643
17933
17933
29193
17933
26273
24143
16293
16563
21033
16563
11643
24223
16563
11643
29193
29193
11643
26273
31703
24143
26273
29193
24143
26273
11513
16293
24143
21033
16293
26973
21033
24223
16293
21033
24223
32003
31703
24223
31703
32473
11513
31703
2393
11513
29983
26973
11513
53
26973
32003
26973
32003
32473
32003
32473
31913
2393
2393
32473
29983
53
29983
2393
53
29983
30463
53
24173
22383
31913
31913
31913
30463
30463
24173
22383
30463
24173
22383
7673
24173
22383
19463
21343
30933
7673
7673
13423
7673
19463
19463
7243
21343
19463
183
30933
21343
2643
30933
22203
21343
13423
30933
13423
13423
7243
7243
183
11453
2643
183
7243
22203
2643
22203
183
2643
22203
6853
24953
11453
28123
11453
11453
16933
6853
24953
6853
24953
6853
7523
24953
28123
28123
28123
16933
16933
16933
17093
7523
16433
7523
7523
753
19403
17093
16433
17093
16433
17093
7303
16433
753
753
19403
753
19403
19403
7303
23183
7303
7303
23183
4353
23183
23183
20863
9243
15083
4353
4353
20863
4353
9243
20863
9243
20863
30993
9243
7333
15083
15083
15083
1573
19143
30993
30573
30993
7333
24713
7333
30993
8003
7553
7333
1573
19143
1573
19143
1573
30573
19143
11523
30573
7473
24713
8003
7553
30573
24713
8003
7553
25603
24713
8003
7553
3723
11523
7473
11523
7473
16823
11523
25603
7473
25603
3723
18733
4963
3723
25603
3723
8793
19453
16823
16823
16823
18733
4963
18733
9243
4963
18733
8793
4963
19453
8793
16193
14763
19453
18663
8793
19453
9243
21873
7513
9243
9243
16193
14763
18663
16193
14763
25503
18663
16193
14763
18663
31013
21873
12463
7513
21873
7513
21873
7513
23783
18063
28573
25503
25503
31013
25503
31013
12463
12463
31013
15073
12463
23783
18063
10293
28573
23783
23183
18063
28573
23783
18063
28573
15073
15073
10293
23183
10293
15073
23183
10293
23183
6773
22613
6883
6213
4573
2093
11443
6773
22613
6773
22613
6773
6883
22613
6883
6213
4573
6213
6883
4573
2093
9093
6213
2093
4573
11443
28453
11443
2093
11443
21213
9093
9093
28453
6843
28453
9093
28453
21213
21213
21213
6843
