3664
17584
20984
3664
17584
3664
17584
3664
17584
20984
20984
20984
14834
8094
18124
14834
14834
14834
8094
8094
31824
8094
16434
18124
18124
18124
28014
31824
31824
16434
16434
31824
18964
16434
28014
28014
28014
18964
18964
18964
29784
31024
29784
29784
3104
29784
18054
31024
31024
31024
23414
25064
3104
3104
3104
18054
18054
18054
14794
23414
23414
25064
25154
25064
23414
25064
14794
14794
14794
25154
25154
25154
13684
21034
13684
21034
13684
21034
23014
13684
21034
5634
26834
19184
23014
23014
31074
23014
20654
5634
26834
5634
26834
5634
26834
19504
19184
19184
31074
19184
20654
31074
20654
31074
20654
16774
19504
19504
11384
19504
27594
16414
29984
16774
16774
16774
11384
11384
27594
24504
16414
27594
16854
16414
11384
27594
16414
29984
29984
29984
9084
24504
16854
24504
16854
24504
20154
16854
15004
6344
9084
9084
9084
18434
20154
20154
2704
15004
15004
20154
15004
6344
6344
6344
18434
18434
18434
21894
2704
18344
2704
2704
21614
16314
21894
21894
18344
18344
21894
18344
21614
21614
23474
21614
16314
16314
16314
23474
23474
23474
3504
19584
16744
3504
3504
3504
19584
2484
19584
19584
16744
16744
16744
374
32624
2484
2484
2484
24174
374
32624
374
32624
374
32624
2034
24174
24174
24174
27614
32704
11744
2034
2034
2034
28544
16854
27614
27614
27614
16944
32704
27504
32704
11744
11744
32704
11744
29254
28544
28544
16854
28544
16854
16854
16944
27504
16944
16944
27504
27504
29254
29254
29254
22954
22064
22954
22954
22954
32254
22064
22064
22284
22064
22704
18734
23334
32254
32254
32254
22284
22704
18734
22284
22284
22704
22704
18734
18734
23334
23334
23334
18794
4424
18794
18794
18794
13944
4424
4424
8034
4424
13944
26834
13944
13944
8034
12054
8034
8034
21204
26834
12794
26834
26834
12054
22374
12054
12054
21464
21204
21204
21204
12794
12794
12794
22374
22374
22374
21464
9694
21464
21464
28024
10164
9694
9694
28024
9694
28024
28024
26674
10164
10164
10164
26674
26674
26674
14474
7724
18364
14474
20054
6774
9914
14474
7724
14474
26754
7724
30214
18364
7724
18364
18364
32124
20054
6774
9914
20054
26754
20054
6774
6774
9914
9914
30214
26754
26754
30214
30214
32124
10594
32124
32124
16474
10594
10594
10594
27764
16474
16474
16474
12594
27764
27764
27764
10824
12594
12594
12594
864
10824
10824
10824
864
20264
864
17484
864
27884
20264
17484
20264
27884
20264
17484
17484
27884
27884
26444
16174
834
1634
26444
26444
26444
16174
5914
834
23484
13904
1634
16174
16174
834
834
1634
1634
2314
5914
23484
13904
5914
5914
23484
23484
13904
13904
2314
2314
2314
16144
16144
16144
16144
10594
20754
10594
20754
10594
10594
20754
20754
28634
28634
1764
28634
8454
28634
3914
20254
1764
8454
1764
3914
1764
20254
8454
8454
3914
3914
20254
20254
1544
18554
1544
4334
1544
1544
18554
18554
18554
4334
5414
4334
4334
5414
2794
5414
5414
18914
5674
2794
2794
2794
5204
18914
18914
18914
1814
5674
5674
5674
6384
7314
12744
5204
5204
5204
11794
1814
32614
13624
1814
1814
6384
18714
6384
7314
12744
6384
7314
11134
12744
7314
12744
20814
5644
2424
11794
32614
13624
11794
19474
32614
11794
13624
11614
32614
13624
18714
18714
11134
18714
5934
20814
11134
11134
20484
20814
5644
2424
20814
5644
2424
5644
19474
2424
22724
11614
19474
11614
19474
11614
5934
5934
20484
5934
20484
20484
22724
22724
22724
5294
8754
31204
4594
18194
28724
5294
8754
5294
31204
8754
4594
5294
31204
8754
23224
18194
4594
31204
18194
4594
30644
28724
18194
28724
21374
28724
30044
23224
4634
23224
30644
23224
30644
21374
6814
30644
21374
30044
21374
30044
4634
30044
4634
4634
6814
6814
2424
6814
26074
11844
2424
2424
26074
27684
26074
2424
11844
26074
11844
11844
30844
27684
27684
27684
25404
6284
30844
624
30844
13184
30844
25404
6284
25404
6284
25404
624
6284
13184
624
20094
13184
624
13184
3904
26264
20094
20094
23654
3904
20094
3904
3904
26264
26264
26264
23654
17274
23654
8744
23654
29794
30784
17274
8744
17274
6504
8744
17274
10754
8744
29794
30784
29794
30784
29794
30784
6504
15054
6504
10754
6504
10754
10754
11884
11524
15054
17434
15054
15054
11874
11884
11884
8134
11884
11524
12124
11524
17434
11524
17434
26194
17434
11874
11874
8134
11874
8134
11424
12124
8134
12124
22094
12124
21824
26194
30944
26194
5254
26194
11424
11424
11424
22094
21824
22094
21824
30944
22094
5254
30944
21824
8504
5254
30944
5254
8504
8504
7154
8504
6574
7154
23314
7154
7154
6574
28444
6574
23314
23314
6574
23314
7744
32574
28444
28444
28444
7744
7744
7744
32574
6034
32574
25154
32574
6614
6034
6034
25154
6614
6034
25154
6614
25154
6614
25224
20744
25224
4684
25224
20744
25224
20744
6084
28644
20744
30324
4684
4684
11134
6084
4684
11124
28644
6084
28644
30324
6084
28644
20164
30324
8504
30324
16074
11134
11124
3994
11134
11124
11134
11124
20164
25734
8504
20164
8504
16074
20164
16074
8504
27934
15174
16074
3994
3994
22844
6114
3994
25734
25734
5624
25734
27934
15174
27934
15174
16404
29914
22844
27934
15174
6114
22844
22124
23754
6114
22844
5624
6114
3844
5624
32764
16834
5624
16404
29914
16404
29914
10164
22124
23754
16404
29914
22124
23754
3844
22124
23754
32764
16834
3844
32764
16834
3844
32764
16834
21044
10164
27804
10164
10164
21984
14704
21044
27804
21044
27804
21044
27804
21984
21984
14704
14704
21984
28584
14704
21254
