27415
12445
30195
27415
27415
12445
27415
12445
12445
30195
30195
27755
30195
25395
31995
13385
27755
27755
25395
27755
25395
25395
31995
31995
31995
13385
13385
13385
1195
25625
7875
14735
13505
1195
1195
25625
25625
1195
7875
7875
14735
25625
14735
7875
14735
31375
13505
13505
23715
13505
18205
31375
31375
7725
23715
31375
23715
23715
18205
18205
18205
19005
7725
7725
8255
7725
26845
19005
19005
19005
6005
8255
8255
8255
26845
26845
26845
6005
6005
6005
24065
4565
12655
24065
24065
24065
6835
4565
4565
12655
12655
4565
12655
6835
6835
28765
6835
29515
26885
11335
28765
28765
28765
29515
29515
29515
7505
26885
26885
26885
31785
11335
11335
11335
7505
7505
7505
31785
31785
21335
31785
5975
22385
21335
21335
32525
17685
21335
13665
5975
5975
11935
5975
22385
22385
22385
32525
12635
17685
32525
17685
32525
17685
13665
13665
11935
11935
10605
13665
11935
8455
12635
12635
15815
12635
12385
4585
10605
10605
24105
10605
8455
28015
8455
24645
15815
8455
15815
15815
12385
12385
4585
4585
12385
24105
4585
24105
24105
28015
28015
24645
28805
24645
28015
24645
3155
5135
28805
28805
28805
3155
3155
3155
9505
1955
5135
5135
5135
3185
9505
9505
9505
1955
1955
1955
3185
3185
3185
8875
8875
8875
8875
26875
27355
10875
11165
26875
26875
26875
29675
27355
27355
27355
10875
25525
11165
10875
10875
11165
11165
3805
29675
26345
29675
29675
25525
25525
25525
19215
3805
3805
3805
26345
26345
26345
9785
14975
19215
19215
19215
26745
26535
9785
9785
9785
14975
14975
14975
26745
26745
26745
26535
26535
26535
20575
3825
28285
17105
20575
3825
20575
13935
20575
3825
3825
28285
28285
20315
28285
32095
17105
17105
17105
13935
13935
13935
20315
20315
20315
32095
32095
32095
4865
715
4865
715
4865
18315
4865
715
715
23915
18315
18315
15195
18315
23915
29875
23915
23915
15195
15195
15195
29875
29875
21765
29875
27685
28195
21765
27685
21765
27415
21765
27685
27685
28195
28195
28195
27415
27415
27415
18915
18915
375
18915
18915
9725
15895
20365
13965
375
375
9725
375
22595
9725
15895
9725
15895
15895
25305
20365
20365
20365
29225
13965
13965
13965
29645
22595
22595
22595
25305
8405
25305
25305
29225
29225
29225
24205
29645
29645
29645
8405
13335
8405
1715
8405
24205
15505
24205
24205
20115
13335
1715
13335
13335
1715
1715
15505
20115
15505
15505
20115
20115
8555
8555
4125
8555
8555
3115
14985
18185
4125
13595
4125
15865
4125
2485
3115
14985
3115
3115
14985
14985
31375
5515
18185
13595
18185
15865
18185
13595
13595
15865
14925
15865
2485
2485
2485
31375
31375
5515
31375
5515
5515
31555
24225
14925
14925
14925
21805
31555
12785
24225
31555
31555
24225
12415
24225
21805
28735
21805
21805
12785
13675
12785
12415
12785
28495
12415
24835
28735
12415
28735
29375
28735
17185
13675
13675
13675
28495
24835
28495
28495
24835
29375
24835
29375
29375
17185
2835
17185
17185
19975
155
3565
2835
2835
2835
28075
19975
19975
19975
155
12955
3565
155
29245
155
3565
3565
28075
1405
27595
28075
28075
12955
29245
12955
12955
29245
29245
1405
27595
1405
1405
27595
27595
31075
10535
15605
22125
31075
10535
31075
15605
31075
10535
15605
10535
22125
15605
22125
22125
15255
29835
4015
15255
29835
15255
29835
15255
29835
21465
4245
4015
4015
4015
24815
1665
21465
21465
21465
4365
4245
4245
4245
24815
1665
24815
1665
24815
1665
23425
4365
15275
4365
4365
31575
32005
1575
23425
19155
15275
23425
15275
23425
31575
15275
31575
32005
31575
32005
32005
9205
1575
25985
22255
19155
1575
12675
1575
19155
19155
995
16825
9205
32515
9205
15795
25985
9205
22255
12675
25985
22255
25985
12675
22255
12675
995
16825
995
995
16825
16825
32515
15795
32515
32515
715
15795
32235
15795
22085
7425
715
32235
715
32235
22085
7425
715
22085
32235
7425
22085
24725
17865
7425
18315
26095
24725
17865
24725
18315
17865
18315
24725
17865
18315
26095
26095
26095
12345
5775
1375
20315
12345
12345
12345
5775
13285
5775
1375
20315
5775
1375
7405
20315
20655
1375
23755
20315
13285
13285
7405
13285
20655
7405
23755
20655
23755
7405
20655
23755
4245
17745
4245
13855
4245
17745
17745
4245
14465
27245
17745
13855
13855
11685
13855
14465
11515
27245
14465
27245
14465
27245
6125
20715
11685
11515
11685
11515
11685
11515
6125
6845
6125
25465
20715
6125
20715
20715
6845
25465
6845
25465
6845
25465
18345
30345
19225
8385
18345
30345
18345
30345
18345
30345
19225
8385
19225
8385
32605
11585
19225
8385
18615
7365
32605
11585
32605
11585
32605
12395
11585
18615
7365
18615
7365
18615
7365
12395
10585
18715
12395
12395
31035
1555
10585
18715
10585
18205
18715
10585
18715
31035
31035
28885
1555
31035
16315
1555
1555
18205
18205
1635
18205
28885
16315
28885
16315
28885
16315
1635
1635
1635
16495
16495
15725
16495
16495
15725
15725
15725
1015
8325
5955
1015
1015
1015
8325
8325
8325
5955
5955
5955
3535
12565
3535
3535
12565
3535
12565
12565
12895
185
28665
1585
12895
185
12895
28355
185
28665
12895
28665
185
1585
28665
24845
1585
31775
1585
13995
10055
28355
28355
27745
28355
18455
24845
31775
24845
31775
24845
13995
31775
13995
10055
2855
13995
10055
27745
27745
10055
19915
18455
27745
18455
15775
29855
18455
2855
2855
19915
2855
1475
19915
15775
19285
19915
29855
