26086
23296
16096
26086
26086
26086
30616
25646
23296
15086
23296
4676
23296
16096
16096
16096
26116
30616
30616
25646
30616
29436
15086
25646
4676
15086
4676
25646
15086
4676
20906
31656
26116
26116
26116
29436
29436
29436
20906
20906
31656
31656
20906
19426
31656
28526
10296
19426
19426
19426
11626
28526
28526
8466
10296
28526
10296
10296
11626
11626
11626
8466
8466
8466
6326
17346
27696
14966
12396
29516
3706
6326
17346
6326
17346
6326
17346
27696
27696
17386
14966
11396
14966
27696
12396
14966
12396
29516
3706
29516
3706
12396
29516
3706
8116
17386
23016
17386
11396
11396
17386
7436
11396
10536
8116
8116
23016
23016
8116
7436
23016
7436
7436
12806
18966
10536
10536
10536
12806
12806
12806
18966
18966
18966
3486
4486
6946
3486
3486
3486
22286
23426
4486
4486
6946
6946
4486
6946
17086
22286
31676
22286
23426
23426
8946
22286
23426
4976
17086
17086
31676
31676
17086
8946
8946
31676
8946
4976
4976
2436
4976
15046
27476
16556
2436
13516
2436
2436
15046
15046
15046
27476
27476
16556
27476
16556
9206
16556
16676
13516
13516
13516
24826
476
11936
9206
9206
21976
16676
9206
16676
17806
16676
31956
25996
24826
24826
31666
476
24826
11936
476
11936
476
11936
21976
21976
17806
21976
17806
32466
31956
5576
31956
17806
25996
25996
31956
31666
25996
31666
31666
14546
32466
32466
5576
5576
32466
5576
7726
14546
14546
14546
22926
7726
7726
7726
15786
22926
22926
22926
16806
15786
15786
29136
15786
30996
31736
16806
16806
16806
29136
17116
29136
30996
14196
30996
29136
30996
31736
31736
13486
31736
25286
17116
17116
14196
25196
14196
17116
14196
2516
25506
13486
13486
13486
32366
23266
25286
25286
25286
25196
25196
2516
25196
2516
25506
25506
2516
25506
32366
32366
30366
23266
32366
23266
23266
27756
5096
10726
7736
30366
14706
30366
30366
27756
27756
27756
5096
5096
5096
10726
10726
10726
7736
14706
7736
7736
14706
14706
18706
12836
24336
15936
18706
14286
12836
18706
18706
12836
12836
24336
24336
24336
10756
15936
3626
15936
15936
13356
14286
14286
14286
18886
10756
10756
10756
3626
6976
3626
3626
13356
13356
13356
32636
25786
13466
5026
18886
18886
18886
9176
6976
6976
6976
32636
32636
32636
25786
13626
13466
5026
25786
25786
13466
13466
5026
5026
5486
9176
9176
9176
11226
5966
13626
13626
13626
5486
5486
5486
11226
5966
22116
11226
11226
5966
5966
2106
24966
10286
22116
22116
22116
2106
2106
2106
29116
24966
10286
24966
24966
10286
10286
29116
29116
28286
29116
26746
1806
12226
28286
26746
1806
28286
28286
26746
26746
1806
13156
1806
12226
12226
12226
22296
14366
13156
13156
13156
5286
23026
22296
14366
22296
22296
14366
14366
5286
5286
5286
23026
23026
23026
19346
10326
19346
19346
19346
26176
10326
10326
10326
1406
26176
26176
26176
13596
1406
17436
1406
1406
23276
15236
13596
13596
13596
17436
17436
17436
27916
23276
15236
23276
23276
15236
15236
11226
10776
27916
27916
27916
11226
20176
11226
11226
10776
12626
10776
10776
16236
8076
1496
20176
6706
20176
20176
3396
12626
9456
12626
4696
12626
12906
16236
17346
8076
27956
1496
16236
6706
16236
8076
8076
1496
1496
19866
6706
6706
3396
3396
9456
3396
4696
9456
9456
4696
4696
12906
17346
27956
12906
12906
12066
17346
17346
27956
27956
19866
19866
19866
12066
12066
9596
12066
32006
9596
9596
9596
15146
12886
7456
32006
32006
32006
15146
3566
12886
15146
15146
12886
12886
7456
7456
7456
14006
27966
3566
3566
28596
3566
16816
14006
14006
14006
27966
7406
27966
28596
27966
2636
28596
28596
16816
16146
16816
16816
27616
7406
17126
7406
7406
2636
2636
2636
16146
16146
16146
27616
8996
27616
27616
17126
17126
436
17126
8996
22836
8996
8996
6736
436
436
28056
436
1796
936
29236
22836
22836
22836
26216
6736
6736
6736
28056
966
28056
1796
936
28056
1796
936
1796
29236
936
29236
6656
29236
26216
26216
26996
26216
966
19616
966
966
6656
6656
6656
26996
21636
26996
26996
19616
28486
6776
19616
19616
14076
21636
21636
28486
21636
25986
6776
28486
6776
21946
28486
14076
6776
18776
14076
14076
30816
25986
25986
32736
21946
25986
11726
18776
21946
21946
18776
18776
30816
30816
30816
32736
11726
32736
32736
11726
11726
13586
8166
7586
13586
8166
13586
13586
8166
7586
8166
7586
7586
14216
22676
1316
14216
23966
14216
14216
22676
1316
2126
22676
1316
22676
1316
17386
23966
23966
23966
2126
2126
23296
17386
2126
17386
17386
30036
10776
7486
26546
23296
23296
23296
30036
30036
30036
10776
7486
10776
26546
31086
7486
26546
10776
14236
7486
26546
15156
486
7026
7736
8706
766
23696
31086
14466
31086
14236
14236
31086
4856
15156
14236
14136
486
15156
7026
7736
486
8706
7026
15156
766
7736
8706
486
7026
766
23696
7736
14466
8706
14196
23696
766
14466
23696
4856
14466
4856
14136
14136
4856
14136
28346
14196
14196
18556
14196
28536
28346
28346
1136
28346
18556
18556
9466
18556
28696
28536
28536
28536
1136
1136
9466
1136
9466
28696
9466
28696
22156
28696
22156
22156
22156
14166
30476
4846
14166
14166
12706
29746
14166
30476
4846
30476
4846
30476
4846
12706
29746
12706
29746
12706
29746
1306
4436
1306
1306
1306
15526
4436
31636
4436
30196
4436
22106
15526
15526
13856
15526
31636
30196
31636
20906
22106
30196
31636
22106
30196
5496
22106
13856
27026
13856
13856
20906
2306
20906
5496
20906
5496
27026
5496
27026
27026
2306
2306
32586
2306
31656
24926
32586
32586
24266
13576
32586
31656
10726
31656
24696
31656
14326
7736
24926
10516
24926
24266
13576
24926
24266
13576
10726
24266
10726
13576
7926
24696
24696
10726
14326
7736
24696
10516
14326
7736
10516
14326
7736
10516
7926
7926
7926
13566
21586
13566
13566
21586
31616
25296
21586
13566
21586
11086
31616
25296
28826
31616
13606
25296
10606
31616
25296
21926
13006
11086
18756
11086
11086
28826
13606
28826
10606
13606
21926
10606
28826
13606
21926
10606
13006
21926
18756
13006
18756
19046
13006
18756
23286
11266
19046
19046
19046
23286
23286
11266
31826
11266
23286
11266
18186
12646
31826
31826
15336
11826
31826
18186
12646
18186
10736
12646
18186
12646
15336
11826
15336
11826
24836
10736
15336
11826
10736
10736
6936
24836
24836
24836
6936
6936
11026
6936
32346
10006
16286
25456
4556
11026
11026
32346
11026
32346
30866
10006
32346
21346
10006
16286
10006
25456
16286
25456
4556
