28767
13217
18567
13097
28767
28767
30447
13217
17067
13217
18567
28767
18567
13217
13097
18567
13097
14207
13097
28197
10527
30447
17067
30447
17067
30447
19367
17067
14207
14207
14207
28197
28197
10527
10527
28197
10527
19367
19367
19367
27957
14357
27957
27957
11287
27957
727
14357
14357
14357
11287
11287
727
727
11287
727
12617
2597
18447
11727
24917
29487
12617
32537
2597
12617
22917
18447
2597
18447
12617
2597
18447
11727
24917
11727
28047
24917
11727
24917
29487
29487
29487
32537
18357
22917
32537
22917
32537
22917
28047
28047
28047
27277
18357
18357
18357
10707
2947
27277
27277
27277
23107
28497
10707
10707
9727
10707
13847
2947
2947
29567
2947
23107
23107
28497
28497
23107
28497
28107
9727
9727
31987
13847
13847
9727
13847
29567
29567
29567
3727
30057
28107
28107
31987
31987
28107
31987
3727
3727
30057
30057
3727
30057
1977
28307
4167
11537
1977
1977
12847
28307
1977
28307
29557
4167
4167
28307
4167
11537
11537
11537
16147
12847
12847
4627
29557
12847
29557
29557
16147
16147
16147
4627
4627
8267
4627
15117
3577
4137
8267
8267
15117
537
15117
8267
13767
27557
15117
3577
4137
3577
4137
3577
4137
537
537
13767
27557
13767
27557
537
13767
27557
25607
5717
18277
26247
14527
1957
25607
25607
5717
5717
25607
20097
5717
18277
26247
18277
26247
18277
26247
14527
14527
1957
1957
14527
6477
1957
27967
20097
20097
20097
26487
23887
6477
6477
6477
27967
27967
31097
27967
26487
26487
23887
23887
26487
23887
30887
13097
31097
31097
31097
28897
15757
30887
30887
18837
30887
8687
13097
13097
1767
13097
29437
28897
28897
31107
28897
15757
15757
15757
18837
9477
8687
18837
18837
1767
8687
8687
1767
1767
29437
21087
29437
29437
31107
31107
31107
9477
6747
9477
9477
21087
21087
16317
21087
8157
6747
6747
6747
16317
16317
16317
8157
8157
8157
32487
31277
1907
24467
32487
31277
32487
32487
31277
31277
31367
1907
24467
1907
1907
24467
24467
17487
237
31437
31367
25967
31367
31367
26057
17487
29237
17487
17487
21497
237
237
237
31437
25967
31437
31437
25967
25967
26057
26057
26057
29237
21497
29237
29237
18807
21497
21497
25917
6097
18807
18607
25257
25917
18807
18807
30977
25917
25917
6097
9677
6097
6097
2507
18607
25257
18607
18607
25257
30977
25257
11617
30977
30977
31017
9677
2037
9677
9677
19487
2507
2507
2507
27857
15017
11617
31017
11617
32297
2037
11617
14667
31017
29177
31017
2037
19487
2037
19487
19487
27857
25457
27857
27857
15017
15017
32297
15017
14667
29177
32297
32297
14667
14667
29177
29177
3067
29037
25457
25457
25457
10757
20397
6027
3067
30227
3067
3067
29037
29037
29037
10757
20397
10757
10757
20397
15827
6027
20397
6027
30227
6027
30227
30227
2857
15827
15827
15827
8457
26507
2857
26327
14667
2857
2857
31497
25727
8457
8457
8457
26507
26327
26507
14667
26507
26327
26327
14667
31497
14667
31497
14597
31497
25727
25727
25727
1627
14597
14597
3707
14597
27937
1627
1627
4887
1627
19227
3707
27937
3707
3707
27937
27937
5437
4887
3417
4887
4887
19227
30447
19227
19227
5437
8137
5437
5437
3417
13247
3417
1597
3417
30447
30447
2967
30447
8137
3307
13247
8137
8137
1597
13247
13247
1597
1597
2967
2967
2967
3307
3307
3307
10377
30547
5097
18717
10377
10377
10377
30547
16697
30547
30547
16767
5097
20127
18717
5097
5097
18717
18717
5277
16697
17927
16697
16697
16767
20127
16767
16767
20127
20127
17
14527
5277
24437
5277
25637
17927
5277
14387
187
17927
17927
7047
29747
17
14527
17
17
14527
31387
14527
24437
25637
24437
24437
14387
187
25637
25637
7047
14387
14387
187
187
7047
7047
9757
29747
29747
29747
31387
31387
31387
30737
9757
9757
12037
9757
10807
11427
3787
30737
30737
12037
30737
10807
12037
12037
3847
10807
31087
10807
11427
3787
11427
11427
3787
3787
777
3847
31087
3847
3847
31087
31087
777
777
777
2147
25057
24317
3187
2147
25057
2147
24317
25057
2147
25057
24317
2717
24317
3187
25617
3187
3187
11417
2317
447
2717
28167
2717
25617
2717
25617
25617
11417
2317
11417
2317
11417
2317
8967
447
28167
447
28167
447
28167
8217
7657
8967
8967
8967
19947
19137
8217
8217
3967
8217
7657
7657
7657
29587
28797
27517
3257
19947
19137
19947
19137
19947
3967
19137
3967
3967
29587
29827
16707
29587
28797
27517
29587
28797
3257
27517
28797
27517
3257
3257
3237
29827
16707
29827
16707
29827
16707
19377
22807
3237
3237
3237
25347
19377
22807
19377
30777
22807
19377
22807
25177
24587
30177
25347
25347
30777
25347
30777
12977
30777
25177
25607
20747
25177
18167
24587
25177
30177
24587
31427
24587
30177
30177
6687
12977
25607
20747
12977
18167
25607
20747
12977
18167
25607
31427
20747
18167
31427
31427
6687
30197
29237
6687
20707
6687
14407
30197
29237
20707
30197
16057
29237
20707
30197
29237
20707
5777
14407
14407
6637
14407
16057
32307
16057
16057
5777
5777
5777
6637
6637
12457
32307
6337
32307
6637
32307
9977
12457
6337
27467
12457
6337
12457
6337
9977
15417
9977
28667
3267
27467
9977
27467
27467
29847
31877
17437
3447
15417
28667
3267
15417
11567
28667
3267
15417
7587
28667
3267
29847
11507
31877
17437
29847
31877
3447
17437
29847
31877
14297
3447
17437
3447
11567
11567
7587
7587
11567
11507
11507
7587
3907
11507
27537
14297
2627
5517
14297
26457
11137
14297
18247
13217
20197
23437
3907
27537
2627
2207
5517
3907
27537
2627
5517
26457
3907
11137
27537
2627
26457
5517
18247
11137
13217
18247
26457
20197
11137
13217
23437
20197
18247
23437
13217
20197
2207
23437
2207
2207
32117
28137
32117
25267
32117
16977
28137
32117
22387
28137
28137
28537
28957
25267
16977
25267
16977
22387
25267
22387
16977
22387
22827
2047
28537
28537
28957
22837
24897
28957
28537
28957
15687
1157
22827
2047
22827
2047
22827
22837
2047
24897
22837
24897
22837
24897
15687
1157
15687
1157
15687
21807
1157
7897
21807
7897
21807
10637
7897
32257
21807
7897
7017
23027
31427
10637
32257
10637
20057
7017
32257
10637
23027
7017
24507
32257
23027
7017
2817
12917
23027
28907
9137
25577
31427
30677
31427
20057
13867
23517
20057
31427
24507
20057
2817
24507
12917
17097
2817
10657
28907
12917
24507
9137
28907
2817
25577
9137
12917
30677
25577
28907
19017
9137
30677
13867
25577
23517
30677
13867
23517
13867
23517
17097
28707
10657
17097
10657
17097
10657
19017
19017
19017
9327
28707
28707
17607
28707
9327
9327
3657
30807
9327
17607
17607
31757
17607
3657
30807
3657
30807
3657
30807
31757
31757
31757
17877
11827
17707
17877
17877
28507
17877
7487
11827
15907
17707
11827
17707
15487
11827
17707
28507
28507
7487
15907
7487
28507
6717
15907
25907
7487
15487
15907
23297
15487
15487
6717
25907
6717
25907
23297
6717
21567
23297
25907
18497
23297
21567
18497
21567
18497
21567
18497
9677
31447
9677
5617
9677
4777
26417
9677
26547
31447
31447
5617
4777
31447
5617
26417
4777
26417
5617
4777
157
1567
26417
26547
26547
26547
22937
157
14217
1567
32177
11397
157
1567
157
1567
7137
21947
15127
