20058
31448
20218
20058
20058
20058
31448
20218
31448
20218
9518
31448
20218
14628
9518
27478
9518
9518
4808
14628
14628
24488
14628
27478
27478
25998
27478
4808
4808
4808
14928
7838
24488
24488
13948
24488
25998
25998
25998
14928
14928
7838
7838
14928
3338
19758
7838
13948
13948
13948
3338
19758
3338
19758
21068
3338
19758
19518
19188
21068
21068
5348
21068
22428
2938
19518
19518
19188
19188
17728
19518
19188
2688
5348
5348
5758
22428
5348
2938
22428
2938
22428
2938
17728
17728
17728
2688
2688
5708
2688
5758
5758
24008
5758
30438
5708
5708
3248
5708
24008
24008
24008
19718
30438
30438
30438
22358
8968
3248
3248
3248
19718
19718
19718
30508
22358
8968
22358
3098
8968
22358
8968
23098
30508
30508
30508
3098
3098
3098
23098
23098
23098
31468
20408
32088
31468
31468
20408
14438
20408
31468
31048
20408
32088
32088
32088
14438
31048
14438
31048
14438
31048
2178
23488
2178
2178
2178
23488
23488
14008
23488
6898
10748
14008
14008
3898
14008
7138
27118
6898
14398
6898
10748
10748
6898
10748
3898
3898
28658
7138
3898
22728
27118
7138
27118
28668
7138
27118
14398
14398
14398
24008
28658
28658
22728
22728
28668
28658
28668
22728
28668
12708
24008
24008
24008
16298
1888
12708
12708
12708
16298
16298
16298
1888
1888
1888
10868
5778
1248
30098
10868
10868
10868
5778
5778
5778
17498
1248
1248
1248
30098
30098
30098
12168
3048
18818
17498
17498
17498
4208
29358
6928
12168
12168
12168
3048
18818
3048
3048
18818
18818
4208
4208
4208
29358
30928
6928
29358
29358
6928
6928
27208
30928
31618
30928
30928
9738
27208
27208
27208
2708
31618
31618
31618
15218
9738
9738
9738
298
2708
2708
2708
20658
15218
15218
15218
20528
298
298
298
20658
20658
20658
20528
20528
20528
19418
19418
25508
19418
19418
9058
25508
19368
25508
25508
20518
9058
9058
28798
9058
19368
19368
19368
17678
11758
29788
20518
15438
20518
28798
20518
31508
28798
28798
15928
17678
17678
9148
17678
11758
29788
11758
21388
11758
15438
29788
29788
15438
15438
31508
31508
31508
15928
15928
15928
9148
19318
9148
9148
21388
21388
21388
7608
938
12348
19318
19318
19318
7608
7608
7608
10618
938
938
5518
938
12348
12348
29438
12348
1808
10618
10618
18208
10618
5518
22588
5518
5518
29438
29438
29438
1808
29668
1808
1808
18208
18208
22588
18208
22588
22588
1768
29668
1158
29668
14438
29668
1768
1768
1768
27488
1158
14438
1158
1158
14438
14438
27488
27488
27488
20558
1768
2218
20558
1768
20558
20558
1768
1768
17058
31728
2528
2218
2218
2218
15778
6288
17058
31728
17058
17058
31728
31728
2528
23738
2528
2528
15778
6288
15778
15778
6288
6288
5518
23738
23738
9248
23738
5848
5518
5518
5518
23968
27248
9248
9248
9248
5848
5848
5848
23968
27248
23968
23968
27248
27248
6118
1588
27418
6118
6118
6118
30538
1588
27418
1588
1588
27418
27418
30538
30538
30538
2638
31618
2638
2638
2638
2468
2608
31618
31618
31618
2008
2468
2468
2468
2608
2608
2608
2008
17138
2008
16488
2008
17388
17138
16488
17138
17138
16488
16488
24378
2038
17388
28938
17388
17388
24378
2038
24378
2038
24378
27208
2038
7718
21658
8698
28938
28938
368
28938
27208
78
27208
14388
7718
21658
27208
8698
7718
21658
7718
8698
21658
368
8698
368
368
6748
78
14388
78
14388
78
16178
14388
25488
6748
6748
6748
16178
25488
16178
25488
16178
25488
2468
6988
4428
2468
2468
2468
6988
6988
6988
4428
4428
4428
31958
2308
31958
31958
31958
2308
2308
29428
2308
25738
30088
29428
8368
25738
29428
29428
25738
31588
25738
30088
30088
30088
13198
8368
8368
8368
31588
31588
31588
23188
13198
13198
388
13198
23248
8998
23188
23188
23188
388
388
388
23248
8998
23248
8998
10878
23248
19958
8998
4568
31108
20598
7628
10878
19958
21928
10878
4568
19958
10878
4568
31108
19958
20598
31108
4568
20598
31108
7538
24548
20598
7628
7628
21928
21928
7628
21928
24828
7538
24548
7538
24548
7538
24548
4448
6318
24828
4418
24828
24828
4448
4448
6318
4448
6318
4418
6318
4418
4418
12868
28098
6768
2358
22128
12868
12868
12868
28098
6768
2358
28098
30358
6768
32208
22128
2358
28098
22128
6768
2358
22128
23168
30358
32208
26328
30358
32208
30358
6678
32208
9398
23168
23168
26328
23168
26328
6678
26328
9398
6678
9398
6678
12378
9398
10918
10748
12378
25808
12378
22198
12378
9868
7388
10918
10748
10918
10748
25808
10918
10748
25808
22198
22198
25808
22198
9868
26098
7388
9868
7388
9868
7388
3598
4058
26098
26098
7548
26098
648
3598
4058
3598
2338
4058
3598
4058
6528
7548
7548
648
7548
648
648
2338
31068
2338
6528
2338
9608
6528
6528
2148
31068
31068
31068
9608
9608
9608
19848
2148
2148
2148
19848
4518
19848
19848
18148
4518
2278
4518
21918
4518
21358
7558
3718
18978
18148
18148
2278
2278
18148
21918
2278
21358
21918
21358
21918
7558
3718
21358
18978
7558
3718
18978
7558
3718
18978
6508
17668
18818
29548
12398
6508
1388
6508
6508
17668
11738
17668
18818
5618
29548
17668
18818
12398
29548
24198
18818
12398
1388
29548
1388
12398
1388
11738
11738
5618
11738
5618
26928
24198
5618
24198
24198
13368
26928
26928
29628
26928
23068
12438
25548
13368
13368
25218
13368
4668
29628
29628
29628
23068
12438
28
23068
12438
25548
23068
25548
12438
25218
25548
11268
25218
4668
4668
25218
4668
7178
28
28
28
11268
11268
11268
12828
7178
7178
25738
7178
28568
18478
12828
12828
25738
12828
25738
25738
28568
18478
9958
28568
18478
28568
18478
9958
9958
9958
14448
