19859
30069
13539
7129
27189
19859
19859
30069
30069
19859
25949
30069
8149
13539
13539
7129
7129
13539
27189
7129
27189
27189
25949
25949
25949
8149
8149
28459
8149
14049
28459
23009
28459
14049
14049
28459
14049
19659
30029
23009
23009
23009
19659
19659
19659
30029
30029
32649
30029
32649
32649
32649
31289
10749
31289
31289
31289
3999
10749
23389
10749
10749
3999
3999
3999
20319
23389
23389
709
2309
23389
23399
20319
20319
20319
709
2309
709
2309
23399
23399
709
2309
23399
21299
9619
15909
10619
28169
21299
21299
21299
28769
9619
9619
15909
10619
15909
10619
9619
15909
10619
28169
28169
28169
30469
28769
28769
28769
22569
30469
30469
30469
10639
22569
22569
22569
10639
10639
10639
29369
14839
30809
29369
29369
29369
2439
14839
459
14839
14839
13169
30809
30809
30809
25889
2439
2439
459
459
2439
22369
459
13169
13169
13169
25889
25889
25889
22369
22369
22369
13919
13919
13919
13919
5439
10399
5439
5439
5439
10399
10399
10399
28859
19539
15219
3259
28859
28859
19539
19539
28859
9539
19539
15219
15219
15219
3259
3259
3259
9539
9539
23849
9539
23849
23849
23849
12989
12989
19419
12989
12989
19419
19419
19419
1099
8919
25739
19499
19439
1099
8919
18849
1099
1099
8919
8919
25739
19499
25739
25739
19439
19499
19499
19439
19439
18849
24709
18849
18849
9169
24709
24709
24709
27749
9169
1769
9169
9169
31419
8449
5209
27749
27749
27749
1769
1769
1769
31419
8449
31419
31419
8449
8449
5209
5149
5209
5209
2669
5149
5149
5149
20069
4509
2669
24459
2669
2669
9189
20069
909
20069
20069
4509
4509
4869
4509
24459
24459
24459
9189
9189
909
9189
909
12729
909
10959
4869
4869
4869
28959
20209
12729
15549
12729
10959
12729
10959
10959
17679
28959
20209
28959
28959
20209
20209
15549
15549
15549
11689
17679
13279
17679
22419
17679
11689
11689
11689
13279
22419
13279
13279
22419
22419
5369
2349
28579
12989
5369
5369
5369
2349
21469
2349
2349
6859
28579
12989
28579
28579
12989
12989
19399
21469
21469
6859
21469
14459
6859
28439
6859
12329
19399
21069
19399
27949
19399
14459
4249
28439
14459
14459
28439
28439
21289
12329
9219
12329
21069
12329
27949
21069
21069
27949
27949
4249
4249
4249
21289
21289
9219
21289
9219
30969
9219
7909
30969
30969
30969
7909
7909
27949
7909
6339
11149
15989
27949
27949
27949
17829
6339
11149
6339
15989
6339
11149
11149
15989
15989
17829
17829
17829
22399
5869
28869
21759
22399
22119
22399
22399
5869
28869
21759
5869
5869
28869
289
28869
21759
21759
22119
22119
22119
9059
289
289
289
20669
15599
9059
9059
9059
20669
14479
6949
20669
20669
15599
15599
15599
14269
14479
6949
14479
14479
6949
6949
14269
14269
14269
12549
19709
2309
12549
19709
12549
19709
2309
12549
19709
2309
2309
24279
7309
19959
9989
23539
24279
24279
7309
24279
19959
7309
9989
19959
7309
9989
19959
9989
23539
5239
23539
23539
18809
31939
29309
5239
5239
5239
18809
18809
18809
9489
23429
31939
29309
31939
29309
31939
14309
29309
15769
9489
23429
9489
23429
9489
23429
14309
14309
14309
15769
15769
15769
25049
13869
25049
13869
5879
25049
13869
25049
13869
5879
5879
15019
5879
4059
7209
15019
15019
15019
4059
7209
4059
7209
4059
7209
8099
27279
29839
8099
8099
27279
8099
23919
21199
29839
27279
29839
27279
29839
28639
23919
21199
23919
21199
23919
29959
21199
28639
13499
28639
28639
29959
13499
29959
13499
29959
13499
22719
9309
8039
1229
14699
22719
24289
9309
22719
8039
9309
8039
22719
9309
1229
8039
1229
31709
14699
1229
14699
14699
24289
28679
24289
24289
31709
31709
31429
31709
1719
28679
28679
28679
31429
31429
31429
1719
1719
1719
10599
9829
10599
29919
10599
9829
10599
9829
22089
9829
29919
11159
29919
22089
29919
7219
22089
22089
24899
7879
1039
11159
11159
7219
11159
7219
7219
24899
24899
7879
28889
1039
7879
24899
1039
7879
9669
1039
19489
28889
28889
9669
28889
9669
9669
19489
19489
19489
11549
11549
11549
9339
11549
9369
21459
9339
9339
9369
9339
9369
9369
9069
21459
21459
19679
21459
9069
9069
19679
9069
19679
19679
29529
14979
20419
29529
14979
29529
14979
29529
14979
20419
20419
20419
25139
18889
5419
25139
18889
25139
18889
5769
25139
18889
1999
5419
17249
5419
11539
5419
4129
28359
5769
5769
1999
5769
17249
1999
17249
11539
1999
4129
11539
17249
4129
28359
11539
4129
28359
28359
25049
22109
25049
25049
7879
25049
10899
22109
17299
22109
22109
12429
7879
7879
10899
7879
20679
17299
10899
28329
17299
10899
17299
12429
12429
12429
19549
20679
28329
13729
20679
28329
20679
28329
19549
19549
13729
13729
19549
13729
22899
889
22899
22899
2649
889
27229
889
22899
30129
889
28019
17439
10139
2649
27229
2649
27229
30129
2649
30129
27229
23539
30129
28019
17439
23169
28019
10139
17439
10139
28019
17439
10139
23539
23539
23539
